image_width: 640
image_height: 480
camera_name: webcam
camera_matrix:
  rows: 3
  cols: 3
  data: [814.554967, 0.000000, 317.757673,
         0.000000, 815.714644, 257.187825,
		 0.000000, 0.000000, 1.000000]
distortion_model: plumb_bob
distortion_coefficients:
  rows: 1
  cols: 5
  data: [0.070245, 0.050057, -0.000048, 0.000112, 0.000000]
rectification_matrix:
  rows: 3
  cols: 3
  data: [1.000000, 0.000000, 0.000000,
         0.000000, 1.000000, 0.000000,
		 0.000000, 0.000000, 1.000000]
projection_matrix:
  rows: 3
  cols: 4
  data: [830.956970, 0.000000, 317.864264, 0.000000,
         0.000000, 831.526550, 256.921495, 0.000000,
		 0.000000, 0.000000, 1.000000, 0.000000]
